STOCKRETURN
-.0611824
-.05598225
.0169614
.09161907
.00346664
-.02922507
-.0122566
.03120624
.00608623
.017025
.02006368
.00908212
.0111116
-.02393825
.0517674
.01630307
.06148664
-.00565607
-.0177806
.01233824
-.04374577
-.016437
-.05304032
-.01630188
-.0102564
.05974375
-.0035516
-.03130893
-.01377236
-.01008207
-.0193036
-.03152976
-.02437277
-.040294
-.02933332
.01945912
.0445386
-.01153125
-.0600736
-.10063193
-.09754436
-.01880607
.1228034
-.00652976
.00207123
.009108
.01793968
-.01370888
-.0251074
-.03232825
-.0241706
-.02491093
.03730364
.04443993
-.0029106
.02795324
.00651923
-.034012
.00281768
-.01846788
.0094476
.00729075
-.0368846
.00106807
.01390064
-.01637507
-.0419346
-.03191076
-.02904677
-.054469
-.03030932
.02516512
.0236416
-.02359525
-.0313296
.00757107
.00559164
.00922093
.0026144
-.01202476
.01357023
.03705
-.01253132
-.01977788
-.0371384
-.01272725
-.0702186
.01399907
.03522864
-.00195207
.0083254
-.02319676
-.02560377
-.024114
-.00797732
-.05152388
-.1165064
-.02118825
-.0390126
-.01121093
.05355164
.02601993
-.0369246
-.03469876
.01148823
-.000993
-.02348932
-.00390488
-.0190734
.03724175
-.0035516
-.00385793
.14322864
.07212193
-.0201516
.02855824
.01394423
-.01766
.06573668
.13895212
-.0241454
.03505175
.0099624
.07614207
.08071264
-.00195207
-.0256376
.02835424
.00823123
.021229
-.03466932
-.02637688
-.0562334
.07713475
-.0146626
-.01509393
.01701964
-.04639607
-.0029106
-.02978576
.00890023
.022536
.05541068
.03957312
-.1040064
.02728075
.0297814
-.10063193
-.00570736
.05757193
-.0366186
.00509824
-.02599377
-.012758
-.00206032
-.02771488
-.0102564
.05377375
-.0150456
.00777007
.01728164
.06546393
.0076154
.00388724
-.02362377
-.043098
-.05700532
-.03878888
-.0223044
.02938275
.0082134
-.02711393
-.02951736
-.00195207
-.0273006
-.01902976
-.00300477
-.038968
-.01521832
.06276212
-.0102564
-.00720225
.0339484
-.02795393
.01898364
.02214393
-.0146756
-.04224376
-.00300477
-.013339
-.00206032
-.00390488
-.0102564
-.01970225
.0344234
-.01605293
.03132964
.02185793
-.0377946
.00551824
.00890023
.057831
.00905068
.04005112
-.0207824
.00343575
-.0140776
.01741907
-.01612436
.00857393
-.0341606
-.07104576
.00848923
.010371
.02041168
.00708412
-.0428654
-.00720225
.0526284
.01741907
.01512564
-.00195207
.0072934
.01367224
.00689623
.008811
.02706568
.03383112
-.0557114
-.01672625
-.0131666
-.01356693
.02370464
-.01147607
-.0125256
-.05507376
-.02341277
-.01141
-.06521832
.07474712
-.0310894
-.00720225
.0390014
-.02426593
-.03695736
-.00195207
-.0889326
-.07711776
-.06629577
.039548
-.04102132
-.09849988
-.0102564
.09727575
.0234754
-.00385793
-.00570736
.01120593
.0360504
-.01902976
-.01566277
-.039455
-.12206032
.02639812
-.0102564
-.00720225
.0552724
.01003107
-.01940636
-.02973007
.0113754
-.00652976
-.04525877
-.000993
-.00206032
.04021312
-.0102564
-.02158425
.0001254
-.01957893
-.01684636
-.06090407
-.0126196
-.05247776
-.15497777
-.16229
.13466968
.04167612
.0210166
.08645775
.0173534
-.05201893
.01401864
-.04151807
.0055814
-.01418576
-.01143577
.032495
-.00345432
-.01721688
-.0029584
-.01567225
-.0038526
-.02425193
-.03344936
.00960493
.0059264
.00560024
.04009423
-.016118
.01306768
-.00877488
-.0270444
.00354675
.0417964
.05130807
.01567564
.01565893
.0315764
.05672124
.02581623
-.031648
-.11447532
-.06710688
.0921396
-.00714725
.0232464
-.07850093
-.08102736
.01224193
.0416964
-.02369976
-.00080977
.041051
.01461968
-.02943288
.0530166
.03139875
.0310744
-.00765993
.04473364
.04956293
-.0213556
.03108224
.07017123
.097412
.01035768
.01997412
.1160366
.03129875
-.0173436
.01205607
.08917564
-.02999907
.0244014
.06592724
.00240823
.029807
.00484368
-.00862888
.0351766
.04366075
.0689174
.01828707
-.04619936
.02093993
-.0080786
.00509324
-.05907077
-.063332
.05323768
-.00838088
-.0549614
-.02669225
-.0969186
-.01419593
.02045264
-.01702207
.0433314
-.01373776
.04134323
.031497
.01084668
-.01447988
-.0529674
-.02851825
.0039934
.01674007
.01887264
.01516293
.0184774
.03519224
.00571123
.033043
-.01273232
-.01996988
-.0455894
-.01228625
-.0061406
-.02186093
.00991564
.03615093
.0365114
.00217524
-.00036277
.00104
-.00094532
.01476612
.0295806
.01986375
-.0045046
-.00569493
.03250164
.01839693
.0015184
-.01276976
.00991323
.018046
-.02651032
.01995512
.0298296
.00450675
-.0069476
.01740507
.04120764
.01127293
-.0009526
.01146824
-.06592377
-.004864
-.00521032
-.01665188
.0084436
.02847875
-.0055186
.01578907
.03700664
.00993293
-.0297856
-.02065576
.00995923
.007414
.00209568
-.01103788
-.0038314
.00836875
.0235344
.02913007
.02428664
-.01055007
-.0133646
.00297024
.00998023
-.045939
.01043868
.02475012
.0178296
-.00172225
.0276094
.03042707
-.00152236
-.01135607
-.0058626
-.01441276
-.01820977
.010725
-.00267832
.02059812
.0064826
.00455775
-.0118716
-.01530993
.00298864
-.01340407
-.0005196
-.00164576
-.07845077
-.08069
-.03781632
.09195312
.0539586
.02176875
-.0158506
-.02255493
-.02550736
-.00582207
.0038174
-.00229576
.01246123
.007863
.00825668
-.00301188
-.0053364
-.00501425
.0087914
.01660007
-.03963236
-.02170207
.0088794
-.00028376
-.01204977
-.004724
.01266468
-.00306288
.0230576
.00888675
-.0056976
-.03615593
-.04046936
-.00491407
-.0058746
-.04792776
-.05887777
-.003269
-.01704832
-.00533388
-.0116854
-.06533225
-.0514286
-.07023493
-.00305036
-.06848807
.0424504
.06491724
.06268723
.02766
-.01542332
-.00533388
-.0035994
-.02289125
.0158154
.02748507
-.00113336
.02475193
.0205364
-.01847676
.02336723
-.009582
-.00188632
-.01013388
.0381536
.02888775
-.0175266
.02909307
.04416464
.01105193
.0173404
.00464124
.03223923
.111286
.05379968
-.00265188
.0337936
.01286275
.0135564
-.02102693
-.08159936
.00255893
.0488004
.03281624
-.00394377
.030862
.05288168
.03995812
.0543806
-.01064325
.0103424
-.00250693
.03801264
.01253393
-.0341796
-.02871976
.00577423
-.012138
.00553768
-.02711488
-.0224214
-.02792425
-.0033416
-.00078593
-.01609736
-.00420307
.0585974
.02338824
.00832423
-.022429
-.04167432
.00606512
-.0105194
-.02804125
.0104584
.02278307
-.02154636
.01239393
-.0179756
-.04866576
.01117923
-.022525
.01581868
-.02151388
-.0337474
.02172175
-.0057766
-.03915193
-.08796136
-.06304907
.0295344
.06126124
-.03517977
-.026104
-.02042332
-.00114388
-.0297664
.02489075
.0014154
-.00074793
-.01255936
-.00338107
.0392774
.04950724
-.01266777
.059429
.06335968
-.00679988
-.0072814
.01000275
-.0204036
-.01512293
-.02406036
.04414893
.0153104
.00185224
.02263123
.028321
.02240368
-.02673988
-.0182154
-.01191725
.0187584
.02241007
.01135364
-.02584307
-.0257436
-.03143876
-.01365677
-.031012
.01772868
-.00533388
.0003786
-.01061825
-.0391546
.00020907
.01062964
-.03225007
.0281524
.01547624
.02468023
-.005601
-.02294132
-.01704088
.0102116
.00803575
-.0230136
-.00461893
.02322764
.01831593
-.0211386
.00912724
.02124023
-.015092
-.01068832
-.00817088
.0044386
-.01672125
-.0103136
.01710307
.03943964
-.00750707
-.0058196
-.02663076
-.02044077
-.044165
-.07331632
-.02668388
.0467246
.00765875
-.0213366
.03262507
-.00681636
-.02227907
-.0125016
.02989524
.07739323
.000217
-.01664732
.03111012
.0106136
-.00387725
.0081004
-.00528693
-.00274036
-.00611607
.0038884
.00945124
-.02876577
.023339
-.00482532
-.01255688
.0131056
-.02546025
-.0386796
-.00113493
-.09037836
-.04697707
-.0926766
-.02485576
.06606823
.030999
.01553468
-.03489188
-.0270754
.00699875
.0286844
.01146207
-.03977836
-.01378807
-.0196356
.03475924
.01511923
-.031341
.00027268
-.01314188
-.0176664
-.01749725
-.0037026
.04193707
.05288764
.02018893
.0052084
.00622724
.00434323
-.011394
-.03531332
-.05973988
-.0200764
.03609575
-.0206016
.01352007
-.00973236
-.01899707
-.0639756
-.06075476
.05064523
.022586
.06604368
-.03527388
-.0090394
-.01596025
.0024024
-.03079293
.00008364
.04649993
.0428864
.06376124
.04347523
-.031692
-.03638232
.02404012
.0153486
-.00692525
-.0485326
-.01851493
.06272664
.03926993
.0037494
.03216024
-.00399277
-.018064
.03164968
.05866612
.0706146
.03098575
.0092874
.01198507
-.04739536
-.02070707
.0331514
.02281024
-.01397877
-.003473
.01826168
-.07108488
.0066906
.01085675
.0063464
.01133907
-.05051736
-.03073407
-.0002696
.00751924
-.02330477
.038266
.07968068
.05701212
.0212106
.01992775
.0326704
.08199207
-.05571236
.10022093
-.0688876
.00883224
-.00598177
-.010433
.02399568
-.01763088
.0118036
.00340775
-.0006436
.03259107
-.00796836
-.00540407
.0215304
.02155924
.00008123
-.030852
-.03784032
-.02389888
.0422566
-.01106325
-.0404996
-.04367893
-.02303136
-.05539707
-.0448546
-.03760076
-.02489477
-.028165
.00405968
.04277012
.0107626
-.03366325
-.0039766
.02150807
-.02402136
.00300693
.0417814
.02952324
.04209023
.060908
.05268268
.00926112
.0133796
.03931675
.0247444
-.01119793
-.05500536
.01296093
.0300724
.03461524
-.00158477
.01557
-.00721032
.02454512
.0263926
-.01299825
-.0286646
-.01516993
-.03073036
.01241793
-.0235526
.06853424
.02849523
-.004939
-.00517132
-.00870388
-.0378904
-.03727725
-.0988146
.00161607
-.03642136
-.02911007
.0385354
-.07975576
-.01181577
-.104599
-.05979232
.05000312
.0378566
-.04228225
.0423214
.05224807
.05102464
.00310893
.0374744
.03846324
-.01090377
.014322
.06604368
.02204012
-.0025264
-.03420925
.0128014
.04379807
.02854964
.01882393
.0211284
.01833824
-.00016277
.005374
-.00630232
.01088612
-.0276464
-.04389225
.0242594
-.02517293
-.02162936
-.04749907
-.0489546
.01941624
.00810523
.047888
-.00348932
-.02891488
.0177486
.01189675
-.0121646
-.00456293
.01600164
.02206093
-.0015826
-.05400676
-.05486577
.009718
.03848968
.00329912
-.0045524
-.01429725
.0292074
.03121407
-.00912936
.00394293
.0029304
.01894424
.00515123
-.001156
-.01423532
-.03536588
-.0156384
-.03640925
-.0185856
-.00252793
-.03258336
-.04784107
.0163404
.02315524
.01030323
-.030085
-.02767132
-.00096088
.0318556
.00944975
-.0186416
-.02744793
.00136264
-.00267907
-.0534626
-.00467676
-.00018377
.002497
-.00030332
-.04163488
.0094146
-.01822525
.0270614
.07413507
-.02720336
.01231893
-.0016516
.03761724
.03723323
.058501
.03247368
.00138512
-.0211404
-.01312325
-.0032886
-.01091793
.01721264
.01099193
-.0119686
.00467124
.04274623
.033829
.02349768
-.04085688
-.0303534
-.06004525
.0324174
-.01416893
-.02769536
.02352993
-.0242556
-.03095376
-.04657977
-.048708
-.08317732
-.03007388
.0610786
.02559375
-.0152096
-.00832693
.02640064
.00959793
.0067264
.00644224
-.00329777
.044657
.02467968
-.01534488
-.0116854
-.00118025
.0341104
.03385907
.06429264
.03040893
.0323214
-.07272276
.01834523
.051476
-.02927132
-.02919488
-.0174634
-.08864925
.0722794
-.00618893
-.06808436
-.01395807
-.0004526
-.04232476
.03666923
.002874
-.05090332
-.08678188
.0381226
-.01175925
-.0238096
.00484107
.02663664
-.07535707
-.0043396
-.01510976
.02714523
.016912
.05341268
.03703912
-.0092944
.01904075
.0386594
.06054907
.03293064
-.00418407
.0077084
.03132724
.03031223
.021932
-.04923832
-.00118088
.0071116
.03897075
.0143924
-.03569493
-.05132736
-.03283707
-.0331526
-.00004776
.01048023
-.014023
.03093968
.03627012
.0260776
-.00163325
-.0174896
-.02358393
-.00713636
.02099193
.0495444
.02856224
-.00795677
-.009494
.05445868
.05464212
.0350816
.00267575
-.0259786
-.01057993
.02674764
.01964193
.0284904
.00819124
.02407323
.034615
.03175168
.01797012
