  -.06118240
  -.05598225
   .01696140
   .09161907
   .00346664
  -.02922507
  -.01225660
   .03120624
   .00608623
   .01702500
   .02006368
   .00908212
   .01111160
  -.02393825
   .05176740
   .01630307
   .06148664
  -.00565607
  -.01778060
   .01233824
  -.04374577
  -.01643700
  -.05304032
  -.01630188
  -.01025640
   .05974375
  -.00355160
  -.03130893
  -.01377236
  -.01008207
  -.01930360
  -.03152976
  -.02437277
  -.04029400
  -.02933332
   .01945912
   .04453860
  -.01153125
  -.06007360
  -.10063193
  -.09754436
  -.01880607
   .12280340
  -.00652976
   .00207123
   .00910800
   .01793968
  -.01370888
  -.02510740
  -.03232825
  -.02417060
  -.02491093
   .03730364
   .04443993
  -.00291060
   .02795324
   .00651923
  -.03401200
   .00281768
  -.01846788
   .00944760
   .00729075
  -.03688460
   .00106807
   .01390064
  -.01637507
  -.04193460
  -.03191076
  -.02904677
  -.05446900
  -.03030932
   .02516512
   .02364160
  -.02359525
  -.03132960
   .00757107
   .00559164
   .00922093
   .00261440
  -.01202476
   .01357023
   .03705000
  -.01253132
  -.01977788
  -.03713840
  -.01272725
  -.07021860
   .01399907
   .03522864
  -.00195207
   .00832540
  -.02319676
  -.02560377
  -.02411400
  -.00797732
  -.05152388
  -.11650640
  -.02118825
  -.03901260
  -.01121093
   .05355164
   .02601993
  -.03692460
  -.03469876
   .01148823
  -.00099300
  -.02348932
  -.00390488
  -.01907340
   .03724175
  -.00355160
  -.00385793
   .14322864
   .07212193
  -.02015160
   .02855824
   .01394423
  -.01766000
   .06573668
   .13895212
  -.02414540
   .03505175
   .00996240
   .07614207
   .08071264
  -.00195207
  -.02563760
   .02835424
   .00823123
   .02122900
  -.03466932
  -.02637688
  -.05623340
   .07713475
  -.01466260
  -.01509393
   .01701964
  -.04639607
  -.00291060
  -.02978576
   .00890023
   .02253600
   .05541068
   .03957312
  -.10400640
   .02728075
   .02978140
  -.10063193
  -.00570736
   .05757193
  -.03661860
   .00509824
  -.02599377
  -.01275800
  -.00206032
  -.02771488
  -.01025640
   .05377375
  -.01504560
   .00777007
   .01728164
   .06546393
   .00761540
   .00388724
  -.02362377
  -.04309800
  -.05700532
  -.03878888
  -.02230440
   .02938275
   .00821340
  -.02711393
  -.02951736
  -.00195207
  -.02730060
  -.01902976
  -.00300477
  -.03896800
  -.01521832
   .06276212
  -.01025640
  -.00720225
   .03394840
  -.02795393
   .01898364
   .02214393
  -.01467560
  -.04224376
  -.00300477
  -.01333900
  -.00206032
  -.00390488
  -.01025640
  -.01970225
   .03442340
  -.01605293
   .03132964
   .02185793
  -.03779460
   .00551824
   .00890023
   .05783100
   .00905068
   .04005112
  -.02078240
   .00343575
  -.01407760
   .01741907
  -.01612436
   .00857393
  -.03416060
  -.07104576
   .00848923
   .01037100
   .02041168
   .00708412
  -.04286540
  -.00720225
   .05262840
   .01741907
   .01512564
  -.00195207
   .00729340
   .01367224
   .00689623
   .00881100
   .02706568
   .03383112
  -.05571140
  -.01672625
  -.01316660
  -.01356693
   .02370464
  -.01147607
  -.01252560
  -.05507376
  -.02341277
  -.01141000
  -.06521832
   .07474712
  -.03108940
  -.00720225
   .03900140
  -.02426593
  -.03695736
  -.00195207
  -.08893260
  -.07711776
  -.06629577
   .03954800
  -.04102132
  -.09849988
  -.01025640
   .09727575
   .02347540
  -.00385793
  -.00570736
   .01120593
   .03605040
  -.01902976
  -.01566277
  -.03945500
  -.12206032
   .02639812
  -.01025640
  -.00720225
   .05527240
   .01003107
  -.01940636
  -.02973007
   .01137540
  -.00652976
  -.04525877
  -.00099300
  -.00206032
   .04021312
  -.01025640
  -.02158425
   .00012540
  -.01957893
  -.01684636
  -.06090407
  -.01261960
  -.05247776
  -.15497777
  -.16229000
   .13466968
   .04167612
   .02101660
   .08645775
   .01735340
  -.05201893
   .01401864
  -.04151807
   .00558140
  -.01418576
  -.01143577
   .03249500
  -.00345432
  -.01721688
  -.00295840
  -.01567225
  -.00385260
  -.02425193
  -.03344936
   .00960493
   .00592640
   .00560024
   .04009423
  -.01611800
   .01306768
  -.00877488
  -.02704440
   .00354675
   .04179640
   .05130807
   .01567564
   .01565893
   .03157640
   .05672124
   .02581623
  -.03164800
  -.11447532
  -.06710688
   .09213960
  -.00714725
   .02324640
  -.07850093
  -.08102736
   .01224193
   .04169640
  -.02369976
  -.00080977
   .04105100
   .01461968
  -.02943288
   .05301660
   .03139875
   .03107440
  -.00765993
   .04473364
   .04956293
  -.02135560
   .03108224
   .07017123
   .09741200
   .01035768
   .01997412
   .11603660
   .03129875
  -.01734360
   .01205607
   .08917564
  -.02999907
   .02440140
   .06592724
   .00240823
   .02980700
   .00484368
  -.00862888
   .03517660
   .04366075
   .06891740
   .01828707
  -.04619936
   .02093993
  -.00807860
   .00509324
  -.05907077
  -.06333200
   .05323768
  -.00838088
  -.05496140
  -.02669225
  -.09691860
  -.01419593
   .02045264
  -.01702207
   .04333140
  -.01373776
   .04134323
   .03149700
   .01084668
  -.01447988
  -.05296740
  -.02851825
   .00399340
   .01674007
   .01887264
   .01516293
   .01847740
   .03519224
   .00571123
   .03304300
  -.01273232
  -.01996988
  -.04558940
  -.01228625
  -.00614060
  -.02186093
   .00991564
   .03615093
   .03651140
   .00217524
  -.00036277
   .00104000
  -.00094532
   .01476612
   .02958060
   .01986375
  -.00450460
  -.00569493
   .03250164
   .01839693
   .00151840
  -.01276976
   .00991323
   .01804600
  -.02651032
   .01995512
   .02982960
   .00450675
  -.00694760
   .01740507
   .04120764
   .01127293
  -.00095260
   .01146824
  -.06592377
  -.00486400
  -.00521032
  -.01665188
   .00844360
   .02847875
  -.00551860
   .01578907
   .03700664
   .00993293
  -.02978560
  -.02065576
   .00995923
   .00741400
   .00209568
  -.01103788
  -.00383140
   .00836875
   .02353440
   .02913007
   .02428664
  -.01055007
  -.01336460
   .00297024
   .00998023
  -.04593900
   .01043868
   .02475012
   .01782960
  -.00172225
   .02760940
   .03042707
  -.00152236
  -.01135607
  -.00586260
  -.01441276
  -.01820977
   .01072500
  -.00267832
   .02059812
   .00648260
   .00455775
  -.01187160
  -.01530993
   .00298864
  -.01340407
  -.00051960
  -.00164576
  -.07845077
  -.08069000
  -.03781632
   .09195312
   .05395860
   .02176875
  -.01585060
  -.02255493
  -.02550736
  -.00582207
   .00381740
  -.00229576
   .01246123
   .00786300
   .00825668
  -.00301188
  -.00533640
  -.00501425
   .00879140
   .01660007
  -.03963236
  -.02170207
   .00887940
  -.00028376
  -.01204977
  -.00472400
   .01266468
  -.00306288
   .02305760
   .00888675
  -.00569760
  -.03615593
  -.04046936
  -.00491407
  -.00587460
  -.04792776
  -.05887777
  -.00326900
  -.01704832
  -.00533388
  -.01168540
  -.06533225
  -.05142860
  -.07023493
  -.00305036
  -.06848807
   .04245040
   .06491724
   .06268723
   .02766000
  -.01542332
  -.00533388
  -.00359940
  -.02289125
   .01581540
   .02748507
  -.00113336
   .02475193
   .02053640
  -.01847676
   .02336723
  -.00958200
  -.00188632
  -.01013388
   .03815360
   .02888775
  -.01752660
   .02909307
   .04416464
   .01105193
   .01734040
   .00464124
   .03223923
   .11128600
   .05379968
  -.00265188
   .03379360
   .01286275
   .01355640
  -.02102693
  -.08159936
   .00255893
   .04880040
   .03281624
  -.00394377
   .03086200
   .05288168
   .03995812
   .05438060
  -.01064325
   .01034240
  -.00250693
   .03801264
   .01253393
  -.03417960
  -.02871976
   .00577423
  -.01213800
   .00553768
  -.02711488
  -.02242140
  -.02792425
  -.00334160
  -.00078593
  -.01609736
  -.00420307
   .05859740
   .02338824
   .00832423
  -.02242900
  -.04167432
   .00606512
  -.01051940
  -.02804125
   .01045840
   .02278307
  -.02154636
   .01239393
  -.01797560
  -.04866576
   .01117923
  -.02252500
   .01581868
  -.02151388
  -.03374740
   .02172175
  -.00577660
  -.03915193
  -.08796136
  -.06304907
   .02953440
   .06126124
  -.03517977
  -.02610400
  -.02042332
  -.00114388
  -.02976640
   .02489075
   .00141540
  -.00074793
  -.01255936
  -.00338107
   .03927740
   .04950724
  -.01266777
   .05942900
   .06335968
  -.00679988
  -.00728140
   .01000275
  -.02040360
  -.01512293
  -.02406036
   .04414893
   .01531040
   .00185224
   .02263123
   .02832100
   .02240368
  -.02673988
  -.01821540
  -.01191725
   .01875840
   .02241007
   .01135364
  -.02584307
  -.02574360
  -.03143876
  -.01365677
  -.03101200
   .01772868
  -.00533388
   .00037860
  -.01061825
  -.03915460
   .00020907
   .01062964
  -.03225007
   .02815240
   .01547624
   .02468023
  -.00560100
  -.02294132
  -.01704088
   .01021160
   .00803575
  -.02301360
  -.00461893
   .02322764
   .01831593
  -.02113860
   .00912724
   .02124023
  -.01509200
  -.01068832
  -.00817088
   .00443860
  -.01672125
  -.01031360
   .01710307
   .03943964
  -.00750707
  -.00581960
  -.02663076
  -.02044077
  -.04416500
  -.07331632
  -.02668388
   .04672460
   .00765875
  -.02133660
   .03262507
  -.00681636
  -.02227907
  -.01250160
   .02989524
   .07739323
   .00021700
  -.01664732
   .03111012
   .01061360
  -.00387725
   .00810040
  -.00528693
  -.00274036
  -.00611607
   .00388840
   .00945124
  -.02876577
   .02333900
  -.00482532
  -.01255688
   .01310560
  -.02546025
  -.03867960
  -.00113493
  -.09037836
  -.04697707
  -.09267660
  -.02485576
   .06606823
   .03099900
   .01553468
  -.03489188
  -.02707540
   .00699875
   .02868440
   .01146207
  -.03977836
  -.01378807
  -.01963560
   .03475924
   .01511923
  -.03134100
   .00027268
  -.01314188
  -.01766640
  -.01749725
  -.00370260
   .04193707
   .05288764
   .02018893
   .00520840
   .00622724
   .00434323
  -.01139400
  -.03531332
  -.05973988
  -.02007640
   .03609575
  -.02060160
   .01352007
  -.00973236
  -.01899707
  -.06397560
  -.06075476
   .05064523
   .02258600
   .06604368
  -.03527388
  -.00903940
  -.01596025
   .00240240
  -.03079293
   .00008364
   .04649993
   .04288640
   .06376124
   .04347523
  -.03169200
  -.03638232
   .02404012
   .01534860
  -.00692525
  -.04853260
  -.01851493
   .06272664
   .03926993
   .00374940
   .03216024
  -.00399277
  -.01806400
   .03164968
   .05866612
   .07061460
   .03098575
   .00928740
   .01198507
  -.04739536
  -.02070707
   .03315140
   .02281024
  -.01397877
  -.00347300
   .01826168
  -.07108488
   .00669060
   .01085675
   .00634640
   .01133907
  -.05051736
  -.03073407
  -.00026960
   .00751924
  -.02330477
   .03826600
   .07968068
   .05701212
   .02121060
   .01992775
   .03267040
   .08199207
  -.05571236
   .10022093
  -.06888760
   .00883224
  -.00598177
  -.01043300
   .02399568
  -.01763088
   .01180360
   .00340775
  -.00064360
   .03259107
  -.00796836
  -.00540407
   .02153040
   .02155924
   .00008123
  -.03085200
  -.03784032
  -.02389888
   .04225660
  -.01106325
  -.04049960
  -.04367893
  -.02303136
  -.05539707
  -.04485460
  -.03760076
  -.02489477
  -.02816500
   .00405968
   .04277012
   .01076260
  -.03366325
  -.00397660
   .02150807
  -.02402136
   .00300693
   .04178140
   .02952324
   .04209023
   .06090800
   .05268268
   .00926112
   .01337960
   .03931675
   .02474440
  -.01119793
  -.05500536
   .01296093
   .03007240
   .03461524
  -.00158477
   .01557000
  -.00721032
   .02454512
   .02639260
  -.01299825
  -.02866460
  -.01516993
  -.03073036
   .01241793
  -.02355260
   .06853424
   .02849523
  -.00493900
  -.00517132
  -.00870388
  -.03789040
  -.03727725
  -.09881460
   .00161607
  -.03642136
  -.02911007
   .03853540
  -.07975576
  -.01181577
  -.10459900
  -.05979232
   .05000312
   .03785660
  -.04228225
   .04232140
   .05224807
   .05102464
   .00310893
   .03747440
   .03846324
  -.01090377
   .01432200
   .06604368
   .02204012
  -.00252640
  -.03420925
   .01280140
   .04379807
   .02854964
   .01882393
   .02112840
   .01833824
  -.00016277
   .00537400
  -.00630232
   .01088612
  -.02764640
  -.04389225
   .02425940
  -.02517293
  -.02162936
  -.04749907
  -.04895460
   .01941624
   .00810523
   .04788800
  -.00348932
  -.02891488
   .01774860
   .01189675
  -.01216460
  -.00456293
   .01600164
   .02206093
  -.00158260
  -.05400676
  -.05486577
   .00971800
   .03848968
   .00329912
  -.00455240
  -.01429725
   .02920740
   .03121407
  -.00912936
   .00394293
   .00293040
   .01894424
   .00515123
  -.00115600
  -.01423532
  -.03536588
  -.01563840
  -.03640925
  -.01858560
  -.00252793
  -.03258336
  -.04784107
   .01634040
   .02315524
   .01030323
  -.03008500
  -.02767132
  -.00096088
   .03185560
   .00944975
  -.01864160
  -.02744793
   .00136264
  -.00267907
  -.05346260
  -.00467676
  -.00018377
   .00249700
  -.00030332
  -.04163488
   .00941460
  -.01822525
   .02706140
   .07413507
  -.02720336
   .01231893
  -.00165160
   .03761724
   .03723323
   .05850100
   .03247368
   .00138512
  -.02114040
  -.01312325
  -.00328860
  -.01091793
   .01721264
   .01099193
  -.01196860
   .00467124
   .04274623
   .03382900
   .02349768
  -.04085688
  -.03035340
  -.06004525
   .03241740
  -.01416893
  -.02769536
   .02352993
  -.02425560
  -.03095376
  -.04657977
  -.04870800
  -.08317732
  -.03007388
   .06107860
   .02559375
  -.01520960
  -.00832693
   .02640064
   .00959793
   .00672640
   .00644224
  -.00329777
   .04465700
   .02467968
  -.01534488
  -.01168540
  -.00118025
   .03411040
   .03385907
   .06429264
   .03040893
   .03232140
  -.07272276
   .01834523
   .05147600
  -.02927132
  -.02919488
  -.01746340
  -.08864925
   .07227940
  -.00618893
  -.06808436
  -.01395807
  -.00045260
  -.04232476
   .03666923
   .00287400
  -.05090332
  -.08678188
   .03812260
  -.01175925
  -.02380960
   .00484107
   .02663664
  -.07535707
  -.00433960
  -.01510976
   .02714523
   .01691200
   .05341268
   .03703912
  -.00929440
   .01904075
   .03865940
   .06054907
   .03293064
  -.00418407
   .00770840
   .03132724
   .03031223
   .02193200
  -.04923832
  -.00118088
   .00711160
   .03897075
   .01439240
  -.03569493
  -.05132736
  -.03283707
  -.03315260
  -.00004776
   .01048023
  -.01402300
   .03093968
   .03627012
   .02607760
  -.00163325
  -.01748960
  -.02358393
  -.00713636
   .02099193
   .04954440
   .02856224
  -.00795677
  -.00949400
   .05445868
   .05464212
   .03508160
   .00267575
  -.02597860
  -.01057993
   .02674764
   .01964193
   .02849040
   .00819124
   .02407323
   .03461500
   .03175168
   .01797012

